999 1000
20 0
40 0
60 0
80 0
100 0
120 0
140 0
160 0
180 0
200 0
220 0
240 0
260 0
280 0
300 0
320 0
340 0
360 0
380 0
400 0
420 0
440 0
460 0
480 0
500 0
520 0
540 0
560 0
580 0
600 0
620 0
640 0
660 0
680 0
700 0
720 0
740 0
760 0
780 0
800 0
820 0
840 0
860 0
880 0
900 0
920 0
940 0
960 0
980 0
1000 0
1020 0
1040 0
1060 0
1080 0
1100 0
1120 0
1140 0
1160 0
1180 0
1200 0
1220 0
1240 0
1260 0
1280 0
1300 0
1320 0
1340 0
1360 0
1380 0
1400 0
1420 0
1440 0
1460 0
1480 0
1500 0
1520 0
1540 0
1560 0
1580 0
1600 0
1620 0
1640 0
1660 0
1680 0
1700 0
1720 0
1740 0
1760 0
1780 0
1800 0
1820 0
1840 0
1860 0
1880 0
1900 0
1920 0
1940 0
1960 0
1980 0
2000 0
2020 0
2040 0
2060 0
2080 0
2100 0
2120 0
2140 0
2160 0
2180 0
2200 0
2220 0
2240 0
2260 0
2280 0
2300 0
2320 0
2340 0
2360 0
2380 0
2400 0
2420 0
2440 0
2460 0
2480 0
2500 0
2520 0
2540 0
2560 0
2580 0
2600 0
2620 0
2640 0
2660 0
2680 0
2700 0
2720 0
2740 0
2760 0
2780 0
2800 0
2820 0
2840 0
2860 0
2880 0
2900 0
2920 0
2940 0
2960 0
2980 0
3000 0
3020 0
3040 0
3060 0
3080 0
3100 0
3120 0
3140 0
3160 0
3180 0
3200 0
3220 0
3240 0
3260 0
3280 0
3300 0
3320 0
3340 0
3360 0
3380 0
3400 0
3420 0
3440 0
3460 0
3480 0
3500 0
3520 0
3540 0
3560 0
3580 0
3600 0
3620 0
3640 0
3660 0
3680 0
3700 0
3720 0
3740 0
3760 0
3780 0
3800 0
3820 0
3840 0
3860 0
3880 0
3900 0
3920 0
3940 0
3960 0
3980 0
4000 0
4020 0
4040 0
4060 0
4080 0
4100 0
4120 0
4140 0
4160 0
4180 0
4200 0
4220 0
4240 0
4260 0
4280 0
4300 0
4320 0
4340 0
4360 0
4380 0
4400 0
4420 0
4440 0
4460 0
4480 0
4500 0
4520 0
4540 0
4560 0
4580 0
4600 0
4620 0
4640 0
4660 0
4680 0
4700 0
4720 0
4740 0
4760 0
4780 0
4800 0
4820 0
4840 0
4860 0
4880 0
4900 0
4920 0
4940 0
4960 0
4980 0
5000 0
5020 0
5040 0
5060 0
5080 0
5100 0
5120 0
5140 0
5160 0
5180 0
5200 0
5220 0
5240 0
5260 0
5280 0
5300 0
5320 0
5340 0
5360 0
5380 0
5400 0
5420 0
5440 0
5460 0
5480 0
5500 0
5520 0
5540 0
5560 0
5580 0
5600 0
5620 0
5640 0
5660 0
5680 0
5700 0
5720 0
5740 0
5760 0
5780 0
5800 0
5820 0
5840 0
5860 0
5880 0
5900 0
5920 0
5940 0
5960 0
5980 0
6000 0
6020 0
6040 0
6060 0
6080 0
6100 0
6120 0
6140 0
6160 0
6180 0
6200 0
6220 0
6240 0
6260 0
6280 0
6300 0
6320 0
6340 0
6360 0
6380 0
6400 0
6420 0
6440 0
6460 0
6480 0
6500 0
6520 0
6540 0
6560 0
6580 0
6600 0
6620 0
6640 0
6660 0
6680 0
6700 0
6720 0
6740 0
6760 0
6780 0
6800 0
6820 0
6840 0
6860 0
6880 0
6900 0
6920 0
6940 0
6960 0
6980 0
7000 0
7020 0
7040 0
7060 0
7080 0
7100 0
7120 0
7140 0
7160 0
7180 0
7200 0
7220 0
7240 0
7260 0
7280 0
7300 0
7320 0
7340 0
7360 0
7380 0
7400 0
7420 0
7440 0
7460 0
7480 0
7500 0
7520 0
7540 0
7560 0
7580 0
7600 0
7620 0
7640 0
7660 0
7680 0
7700 0
7720 0
7740 0
7760 0
7780 0
7800 0
7820 0
7840 0
7860 0
7880 0
7900 0
7920 0
7940 0
7960 0
7980 0
8000 0
8020 0
8040 0
8060 0
8080 0
8100 0
8120 0
8140 0
8160 0
8180 0
8200 0
8220 0
8240 0
8260 0
8280 0
8300 0
8320 0
8340 0
8360 0
8380 0
8400 0
8420 0
8440 0
8460 0
8480 0
8500 0
8520 0
8540 0
8560 0
8580 0
8600 0
8620 0
8640 0
8660 0
8680 0
8700 0
8720 0
8740 0
8760 0
8780 0
8800 0
8820 0
8840 0
8860 0
8880 0
8900 0
8920 0
8940 0
8960 0
8980 0
9000 0
9020 0
9040 0
9060 0
9080 0
9100 0
9120 0
9140 0
9160 0
9180 0
9200 0
9220 0
9240 0
9260 0
9280 0
9300 0
9320 0
9340 0
9360 0
9380 0
9400 0
9420 0
9440 0
9460 0
9480 0
9500 0
9520 0
9540 0
9560 0
9580 0
9600 0
9620 0
9640 0
9660 0
9680 0
9700 0
9720 0
9740 0
9760 0
9780 0
9800 0
9820 0
9840 0
9860 0
9880 0
9900 0
9920 0
9940 0
9960 0
9980 0
10000 0
10000 20
10000 40
10000 60
10000 80
10000 100
10000 120
10000 140
10000 160
10000 180
10000 200
10000 220
10000 240
10000 260
10000 280
10000 300
10000 320
10000 340
10000 360
10000 380
10000 400
10000 420
10000 440
10000 460
10000 480
10000 500
10000 520
10000 540
10000 560
10000 580
10000 600
10000 620
10000 640
10000 660
10000 680
10000 700
10000 720
10000 740
10000 760
10000 780
10000 800
10000 820
10000 840
10000 860
10000 880
10000 900
10000 920
10000 940
10000 960
10000 980
10000 1000
10000 1020
10000 1040
10000 1060
10000 1080
10000 1100
10000 1120
10000 1140
10000 1160
10000 1180
10000 1200
10000 1220
10000 1240
10000 1260
10000 1280
10000 1300
10000 1320
10000 1340
10000 1360
10000 1380
10000 1400
10000 1420
10000 1440
10000 1460
10000 1480
10000 1500
10000 1520
10000 1540
10000 1560
10000 1580
10000 1600
10000 1620
10000 1640
10000 1660
10000 1680
10000 1700
10000 1720
10000 1740
10000 1760
10000 1780
10000 1800
10000 1820
10000 1840
10000 1860
10000 1880
10000 1900
10000 1920
10000 1940
10000 1960
10000 1980
10000 2000
10000 2020
10000 2040
10000 2060
10000 2080
10000 2100
10000 2120
10000 2140
10000 2160
10000 2180
10000 2200
10000 2220
10000 2240
10000 2260
10000 2280
10000 2300
10000 2320
10000 2340
10000 2360
10000 2380
10000 2400
10000 2420
10000 2440
10000 2460
10000 2480
10000 2500
10000 2520
10000 2540
10000 2560
10000 2580
10000 2600
10000 2620
10000 2640
10000 2660
10000 2680
10000 2700
10000 2720
10000 2740
10000 2760
10000 2780
10000 2800
10000 2820
10000 2840
10000 2860
10000 2880
10000 2900
10000 2920
10000 2940
10000 2960
10000 2980
10000 3000
10000 3020
10000 3040
10000 3060
10000 3080
10000 3100
10000 3120
10000 3140
10000 3160
10000 3180
10000 3200
10000 3220
10000 3240
10000 3260
10000 3280
10000 3300
10000 3320
10000 3340
10000 3360
10000 3380
10000 3400
10000 3420
10000 3440
10000 3460
10000 3480
10000 3500
10000 3520
10000 3540
10000 3560
10000 3580
10000 3600
10000 3620
10000 3640
10000 3660
10000 3680
10000 3700
10000 3720
10000 3740
10000 3760
10000 3780
10000 3800
10000 3820
10000 3840
10000 3860
10000 3880
10000 3900
10000 3920
10000 3940
10000 3960
10000 3980
10000 4000
10000 4020
10000 4040
10000 4060
10000 4080
10000 4100
10000 4120
10000 4140
10000 4160
10000 4180
10000 4200
10000 4220
10000 4240
10000 4260
10000 4280
10000 4300
10000 4320
10000 4340
10000 4360
10000 4380
10000 4400
10000 4420
10000 4440
10000 4460
10000 4480
10000 4500
10000 4520
10000 4540
10000 4560
10000 4580
10000 4600
10000 4620
10000 4640
10000 4660
10000 4680
10000 4700
10000 4720
10000 4740
10000 4760
10000 4780
10000 4800
10000 4820
10000 4840
10000 4860
10000 4880
10000 4900
10000 4920
10000 4940
10000 4960
10000 4980
10000 5000
10000 5020
10000 5040
10000 5060
10000 5080
10000 5100
10000 5120
10000 5140
10000 5160
10000 5180
10000 5200
10000 5220
10000 5240
10000 5260
10000 5280
10000 5300
10000 5320
10000 5340
10000 5360
10000 5380
10000 5400
10000 5420
10000 5440
10000 5460
10000 5480
10000 5500
10000 5520
10000 5540
10000 5560
10000 5580
10000 5600
10000 5620
10000 5640
10000 5660
10000 5680
10000 5700
10000 5720
10000 5740
10000 5760
10000 5780
10000 5800
10000 5820
10000 5840
10000 5860
10000 5880
10000 5900
10000 5920
10000 5940
10000 5960
10000 5980
10000 6000
10000 6020
10000 6040
10000 6060
10000 6080
10000 6100
10000 6120
10000 6140
10000 6160
10000 6180
10000 6200
10000 6220
10000 6240
10000 6260
10000 6280
10000 6300
10000 6320
10000 6340
10000 6360
10000 6380
10000 6400
10000 6420
10000 6440
10000 6460
10000 6480
10000 6500
10000 6520
10000 6540
10000 6560
10000 6580
10000 6600
10000 6620
10000 6640
10000 6660
10000 6680
10000 6700
10000 6720
10000 6740
10000 6760
10000 6780
10000 6800
10000 6820
10000 6840
10000 6860
10000 6880
10000 6900
10000 6920
10000 6940
10000 6960
10000 6980
10000 7000
10000 7020
10000 7040
10000 7060
10000 7080
10000 7100
10000 7120
10000 7140
10000 7160
10000 7180
10000 7200
10000 7220
10000 7240
10000 7260
10000 7280
10000 7300
10000 7320
10000 7340
10000 7360
10000 7380
10000 7400
10000 7420
10000 7440
10000 7460
10000 7480
10000 7500
10000 7520
10000 7540
10000 7560
10000 7580
10000 7600
10000 7620
10000 7640
10000 7660
10000 7680
10000 7700
10000 7720
10000 7740
10000 7760
10000 7780
10000 7800
10000 7820
10000 7840
10000 7860
10000 7880
10000 7900
10000 7920
10000 7940
10000 7960
10000 7980
10000 8000
10000 8020
10000 8040
10000 8060
10000 8080
10000 8100
10000 8120
10000 8140
10000 8160
10000 8180
10000 8200
10000 8220
10000 8240
10000 8260
10000 8280
10000 8300
10000 8320
10000 8340
10000 8360
10000 8380
10000 8400
10000 8420
10000 8440
10000 8460
10000 8480
10000 8500
10000 8520
10000 8540
10000 8560
10000 8580
10000 8600
10000 8620
10000 8640
10000 8660
10000 8680
10000 8700
10000 8720
10000 8740
10000 8760
10000 8780
10000 8800
10000 8820
10000 8840
10000 8860
10000 8880
10000 8900
10000 8920
10000 8940
10000 8960
10000 8980
10000 9000
10000 9020
10000 9040
10000 9060
10000 9080
10000 9100
10000 9120
10000 9140
10000 9160
10000 9180
10000 9200
10000 9220
10000 9240
10000 9260
10000 9280
10000 9300
10000 9320
10000 9340
10000 9360
10000 9380
10000 9400
10000 9420
10000 9440
10000 9460
10000 9480
10000 9500
10000 9520
10000 9540
10000 9560
10000 9580
10000 9600
10000 9620
10000 9640
10000 9660
10000 9680
10000 9700
10000 9720
10000 9740
10000 9760
10000 9780
10000 9800
10000 9820
10000 9840
10000 9860
10000 9880
10000 9900
10000 9920
10000 9940
10000 9960
10000 9980
