1
500
315 280 178 62 495 189 458 380 342 83 209 184 358 63 76 410 72 27 171 60 490 481 49 467 77 497 271 172 95 287 48 316 480 217 343 420 456 168 118 374 454 446 492 328 293 185 394 2 26 211 114 376 82 422 395 491 183 88 477 266 312 18 146 396 269 81 203 197 267 121 71 37 306 350 308 388 368 270 411 66 313 361 180 455 54 91 264 245 301 231 10 86 20 369 103 47 359 435 302 248 354 444 385 130 436 129 288 125 419 289 346 116 14 224 138 1 443 275 415 222 167 42 55 102 355 470 449 393 263 68 38 75 327 12 112 473 317 379 208 253 176 433 133 186 85 101 8 43 336 19 206 403 262 407 132 383 282 113 80 352 386 325 28 277 242 310 430 360 230 41 17 392 143 298 225 334 341 104 331 389 371 11 46 488 255 285 399 192 460 147 235 149 297 450 16 111 141 378 99 174 249 414 441 115 166 398 366 150 445 193 367 496 25 340 199 61 462 459 45 260 142 21 322 307 299 320 122 238 223 4 191 273 57 119 427 463 259 482 493 156 372 187 405 500 476 126 137 98 412 175 52 485 387 335 123 453 309 78 106 321 332 337 256 244 219 440 326 39 127 6 93 272 64 339 283 292 258 442 274 338 30 413 357 221 304 73 33 79 365 404 232 498 397 107 165 257 92 290 34 471 319 59 348 140 461 466 391 40 254 213 349 489 483 220 281 154 159 418 421 261 22 486 226 362 13 124 344 333 177 7 233 468 9 128 465 151 162 278 447 237 144 145 434 196 158 384 370 294 251 363 36 439 117 109 155 487 216 246 198 494 438 428 241 214 408 163 97 65 229 472 431 323 153 247 205 236 152 70 279 181 31 201 300 329 475 173 190 212 469 448 499 157 474 204 382 417 305 89 194 400 291 432 311 148 356 464 15 29 105 169 296 120 188 377 252 437 409 32 195 240 373 136 284 94 303 164 218 90 295 239 390 96 23 429 74 351 381 364 426 228 84 330 375 347 401 416 69 134 182 353 200 345 161 406 286 58 160 268 484 131 215 457 227 50 35 5 202 139 44 402 210 318 424 56 110 51 478 451 67 87 170 479 265 425 314 53 207 243 3 234 179 135 24 423 324 108 250 100 452 276
498
1 315
2 315
3 315
4 315
5 315
6 315
7 315
8 315
9 315
10 315
11 315
12 315
13 315
14 315
15 315
16 315
17 315
18 315
19 315
20 315
21 315
22 315
23 315
24 315
25 315
26 315
27 315
28 315
29 315
30 315
31 315
32 315
33 315
34 315
35 315
36 315
37 315
38 315
39 315
40 315
41 315
42 315
43 315
44 315
45 315
46 315
47 315
48 315
49 315
50 315
51 315
52 315
53 315
54 315
55 315
56 315
57 315
58 315
59 315
60 315
61 315
62 315
63 315
64 315
65 315
66 315
67 315
68 315
69 315
70 315
71 315
72 315
73 315
74 315
75 315
76 315
77 315
78 315
79 315
80 315
81 315
82 315
83 315
84 315
85 315
86 315
87 315
88 315
89 315
90 315
91 315
92 315
93 315
94 315
95 315
96 315
97 315
98 315
99 315
100 315
101 315
102 315
103 315
104 315
105 315
106 315
107 315
108 315
109 315
110 315
111 315
112 315
113 315
114 315
115 315
116 315
117 315
118 315
119 315
120 315
121 315
122 315
123 315
124 315
125 315
126 315
127 315
128 315
129 315
130 315
131 315
132 315
133 315
134 315
135 315
136 315
137 315
138 315
139 315
140 315
141 315
142 315
143 315
144 315
145 315
146 315
147 315
148 315
149 315
150 315
151 315
152 315
153 315
154 315
155 315
156 315
157 315
158 315
159 315
160 315
161 315
162 315
163 315
164 315
165 315
166 315
167 315
168 315
169 315
170 315
171 315
172 315
173 315
174 315
175 315
176 315
177 315
178 315
179 315
180 315
181 315
182 315
183 315
184 315
185 315
186 315
187 315
188 315
189 315
190 315
191 315
192 315
193 315
194 315
195 315
196 315
197 315
198 315
199 315
200 315
201 315
202 315
203 315
204 315
205 315
206 315
207 315
208 315
209 315
210 315
211 315
212 315
213 315
214 315
215 315
216 315
217 315
218 315
219 315
220 315
221 315
222 315
223 315
224 315
225 315
226 315
227 315
228 315
229 315
230 315
231 315
232 315
233 315
234 315
235 315
236 315
237 315
238 315
239 315
240 315
241 315
242 315
243 315
244 315
245 315
246 315
247 315
248 315
249 315
250 315
251 315
252 315
253 315
254 315
255 315
256 315
257 315
258 315
259 315
260 315
261 315
262 315
263 315
264 315
265 315
266 315
267 315
268 315
269 315
270 315
271 315
272 315
273 315
274 315
275 315
276 315
277 315
278 315
279 315
280 315
281 315
282 315
283 315
284 315
285 315
286 315
287 315
288 315
289 315
290 315
291 315
292 315
293 315
294 315
295 315
296 315
297 315
298 315
299 315
300 315
301 315
302 315
303 315
304 315
305 315
306 315
307 315
308 315
309 315
310 315
311 315
312 315
313 315
314 315
315 316
315 317
315 318
315 319
315 320
315 321
315 322
315 323
315 324
315 325
315 326
315 327
315 328
315 329
315 330
315 331
315 332
315 333
315 334
315 335
315 336
315 337
315 338
315 339
315 340
315 341
315 342
315 343
315 344
315 345
315 346
315 347
315 348
315 349
315 350
315 351
315 352
315 353
315 354
315 355
315 356
315 357
315 358
315 359
315 360
315 361
315 362
315 363
315 364
315 365
315 366
315 367
315 368
315 369
315 370
315 371
315 372
315 373
315 374
315 375
315 376
315 377
315 378
315 379
315 380
315 381
315 382
315 383
315 384
315 385
315 386
315 387
315 388
315 389
315 390
315 391
315 392
315 393
315 394
315 395
315 396
315 397
315 398
315 399
315 400
315 401
315 402
315 403
315 404
315 405
315 406
315 407
315 408
315 409
315 410
315 411
315 412
315 413
315 414
315 415
315 416
315 417
315 418
315 419
315 420
315 421
315 422
315 423
315 424
315 425
315 426
315 427
315 428
315 429
315 430
315 431
315 432
315 433
315 434
315 435
315 436
315 437
315 438
315 439
315 440
315 441
315 442
315 443
315 444
315 445
315 446
315 447
315 448
315 449
315 450
315 451
315 452
315 453
315 454
315 455
315 456
315 457
315 458
315 459
315 460
315 461
315 462
315 463
315 464
315 465
315 466
315 467
315 468
315 469
315 470
315 471
315 472
315 473
315 474
315 475
315 476
315 477
315 478
315 479
315 480
315 481
315 482
315 483
315 484
315 485
315 486
315 487
315 488
315 489
315 490
315 491
315 492
315 493
315 494
315 495
315 496
315 497
315 498
315 499
